00010
00020
00030
00040
00051
00052
00053
00061
00062
00071
00073
00100
00130
00190
00220
00230
00232
00240
00250
00254
00260
00261
00270
00280
00290
00300
00310
00311
00330
00332
00340
00350
00360
00380
00400
00404
00410
00430
00440
00450
00460
00470
00480
00500
00520
00561
00562
00564
00565
00590
00592
00600
00604
00620
00630
00640
00650
00660
00670
00680
00730
00740
00750
00760
00770
00780
00785
00790
00860
00900
00904
00906
00909
00910
00920
00970
00999
01501
02010
03008
03010
03013
03015
03018
03020
03022
03030
03040
03050
03060
03082
03083
03250
03410
03420
03430
03440
03450
04011
04070
04111
04113
04120
04122
04130
04136
04138
04139
04141
04144
04145
04146
04148
04814